***************Received by rank 2:*************************
41	209	230	5	60	124	148	117	216	190	97	137	249	92	187	
168	153	15	149	177	235	241	179	5	239	247	0	233	161	58	
229	202	11	203	208	72	71	100	189	31	35	30	168	28	123	
100	197	20	115	90	197	94	75	121	99	59	112	100	36	17	
158	9	220	170	212	172	242	27	16	175	59	51	205	227	80	

------------------rank2----------------
0	141	119	120	141	157	152	144	127	148	125	119	133	146	0	
0	129	107	119	165	145	133	117	122	105	88	101	103	95	0	
0	134	116	136	152	155	114	101	95	88	71	93	105	102	0	
sendcounts[0] = 90	displs[0] = 0
sendcounts[1] = 75	displs[1] = 60
sendcounts[2] = 75	displs[2] = 105
sendcounts[3] = 75	displs[3] = 150
***************Received by rank 0:*************************
103	198	105	115	81	255	74	236	41	205	186	171	242	251	227	
70	124	194	84	248	27	232	231	141	118	90	46	99	51	159	
201	154	102	50	13	183	49	88	163	90	37	93	5	23	88	
233	94	212	171	178	205	198	155	180	84	17	14	130	116	65	
33	61	220	135	112	233	62	161	65	225	252	103	62	1	126	
151	234	220	107	150	143	56	92	42	236	176	59	251	50	175	

------------------rank0----------------
0	137	132	107	130	118	160	148	145	118	112	101	108	119	0	
0	153	128	130	117	151	141	152	141	101	62	62	58	75	0	
0	140	141	136	145	143	153	127	139	119	93	72	67	73	0	
0	151	167	164	154	157	136	117	130	150	141	116	84	97	0	

**********************15 X 15 data array*******************
103	198	105	115	81	255	74	236	41	205	186	171	242	251	227	
70	124	194	84	248	27	232	231	141	118	90	46	99	51	159	
201	154	102	50	13	183	49	88	163	90	37	93	5	23	88	
233	94	212	171	178	205	198	155	180	84	17	14	130	116	65	
33	61	220	135	112	233	62	161	65	225	252	103	62	1	126	
151	234	220	107	150	143	56	92	42	236	176	59	251	50	175	
60	84	236	24	219	92	2	26	254	67	251	250	170	58	251	
41	209	230	5	60	124	148	117	216	190	97	137	249	92	187	
168	153	15	149	177	235	241	179	5	239	247	0	233	161	58	
229	202	11	203	208	72	71	100	189	31	35	30	168	28	123	
100	197	20	115	90	197	94	75	121	99	59	112	100	36	17	
158	9	220	170	212	172	242	27	16	175	59	51	205	227	80	
72	71	21	92	187	111	34	25	186	155	125	245	11	225	26	
28	127	35	248	41	248	164	27	19	181	202	78	232	152	50	
56	224	121	77	61	52	188	95	78	119	250	203	108	5	172	
*******************************************************************

*****************15 X 15 Updated data array****************
0	0	0	0	0	0	0	0	0	0	0	0	0	0	0	
0	137	132	107	130	118	160	148	145	118	112	101	108	119	0	
0	153	128	130	117	151	141	152	141	101	62	62	58	75	0	
0	140	141	136	145	143	153	127	139	119	93	72	67	73	0	
0	151	167	164	154	157	136	117	130	150	141	116	84	97	0	
0	153	154	153	136	121	92	85	121	180	179	163	125	119	0	
0	154	158	127	114	108	80	97	149	159	171	189	148	154	0	
0	140	133	112	114	142	131	130	150	175	157	177	159	155	0	
0	141	119	120	141	157	152	144	127	148	125	119	133	146	0	
0	129	107	119	165	145	133	117	122	105	88	101	103	95	0	
0	134	116	136	152	155	114	101	95	88	71	93	105	102	0	
0	87	113	129	155	151	121	84	89	117	113	101	141	115	0	
0	81	101	131	166	152	108	76	99	127	139	145	143	143	0	
0	88	105	113	115	133	110	84	90	149	176	153	149	113	0	
0	0	0	0	0	0	0	0	0	0	0	0	0	0	0	

******************************************************
Time taken = 0.00376799 sec

******************************************************
***************Received by rank 3:*************************
100	197	20	115	90	197	94	75	121	99	59	112	100	36	17	
158	9	220	170	212	172	242	27	16	175	59	51	205	227	80	
72	71	21	92	187	111	34	25	186	155	125	245	11	225	26	
28	127	35	248	41	248	164	27	19	181	202	78	232	152	50	
56	224	121	77	61	52	188	95	78	119	250	203	108	5	172	

------------------rank3----------------
0	87	113	129	155	151	121	84	89	117	113	101	141	115	0	
0	81	101	131	166	152	108	76	99	127	139	145	143	143	0	
0	88	105	113	115	133	110	84	90	149	176	153	149	113	0	
***************Received by rank 1:*************************
33	61	220	135	112	233	62	161	65	225	252	103	62	1	126	
151	234	220	107	150	143	56	92	42	236	176	59	251	50	175	
60	84	236	24	219	92	2	26	254	67	251	250	170	58	251	
41	209	230	5	60	124	148	117	216	190	97	137	249	92	187	
168	153	15	149	177	235	241	179	5	239	247	0	233	161	58	

------------------rank1----------------
0	153	154	153	136	121	92	85	121	180	179	163	125	119	0	
0	154	158	127	114	108	80	97	149	159	171	189	148	154	0	
0	140	133	112	114	142	131	130	150	175	157	177	159	155	0	
